name: ctc
channels:
- defaults
dependencies:
- _tflow_1100_select=0.0.3=mkl
- absl-py=0.4.1=py35_0
- aiohttp=3.4.2=py35hfa6e2cd_0
- asn1crypto=0.24.0=py35_0
- astor=0.7.1=py35_0
- async-timeout=3.0.0=py35_0
- attrs=18.2.0=py35h28b3542_0
- blas=1.0=mkl
- ca-certificates=2018.03.07=0
- certifi=2018.8.24=py35_1
- cffi=1.11.5=py35h74b6da3_1
- chardet=3.0.4=py35_1
- cloudpickle=0.5.5=py35_0
- cryptography=2.3.1=py35h74b6da3_0
- cycler=0.10.0=py35hcc71164_0
- dask-core=0.19.2=py35_0
- decorator=4.3.0=py35_0
- dill=0.2.8.2=py35_0
- freetype=2.9.1=ha9979f8_1
- gast=0.2.0=py35_0
- grpcio=1.12.1=py35h1a1b453_0
- h5py=2.8.0=py35h3bdd7fb_2
- hdf5=1.10.2=hac2f561_1
- icc_rt=2017.0.4=h97af966_0
- icu=58.2=ha66f8fd_1
- idna=2.7=py35_0
- idna_ssl=1.1.0=py35_0
- imageio=2.4.1=py35_0
- intel-openmp=2018.0.3=0
- jpeg=9b=hb83a4c4_2
- keras=2.0.8=py35h15001cb_0
- kiwisolver=1.0.1=py35h6538335_0
- libmklml=2018.0.3=1
- libpng=1.6.34=h79bbb47_0
- libprotobuf=3.6.0=h1a1b453_0
- libtiff=4.0.9=h36446d0_2
- markdown=2.6.11=py35_0
- matplotlib=3.0.0=py35hd159220_0
- mkl=2017.0.4=h6d528fc_0
- multidict=4.4.0=py35hfa6e2cd_0
- networkx=2.1=py35_0
- numpy=1.13.3=py35hb69e940_3
- olefile=0.46=py35_0
- openssl=1.0.2p=hfa6e2cd_0
- pandas=0.23.4=py35h830ac7b_0
- pillow=5.2.0=py35h08bbbbd_0
- pip=10.0.1=py35_0
- protobuf=3.6.0=py35he025d50_0
- pycparser=2.18=py35_1
- pyopenssl=18.0.0=py35_0
- pyparsing=2.2.0=py35_1
- pyqt=5.9.2=py35h6538335_2
- pyreadline=2.1=py35_1
- pysocks=1.6.8=py35_0
- python=3.5.6=he025d50_0
- python-dateutil=2.7.3=py35_0
- pytz=2018.5=py35_0
- pywavelets=1.0.0=py35h452e1ab_0
- pyyaml=3.13=py35hfa6e2cd_0
- qt=5.9.6=vc14h1e9a669_2
- requests=2.19.1=py35_0
- scikit-image=0.14.0=py35h6538335_1
- scikit-learn=0.18.1=np113py35_1
- scipy=0.19.1=np113py35_0
- setuptools=40.2.0=py35_0
- sip=4.19.8=py35h6538335_0
- six=1.11.0=py35_1
- sqlite=3.25.2=hfa6e2cd_0
- tensorboard=1.10.0=py35he025d50_0
- tensorflow=1.10.0=mkl_py35h4a0f5c2_0
- tensorflow-base=1.10.0=mkl_py35h81393da_0
- termcolor=1.1.0=py35_1
- tk=8.6.8=hfa6e2cd_0
- toolz=0.9.0=py35_0
- tornado=5.1=py35hfa6e2cd_0
- urllib3=1.23=py35_0
- vc=14.1=h0510ff6_4
- vs2013_runtime=12.0.21005=1
- vs2015_runtime=14.15.26706=h3a45250_0
- werkzeug=0.14.1=py35_0
- wheel=0.31.1=py35_0
- win_inet_pton=1.0.1=py35_1
- wincertstore=0.2=py35hfebbdb8_0
- yaml=0.1.7=hc54c509_2
- yarl=1.2.6=py35hfa6e2cd_0
- zlib=1.2.11=h8395fce_2
- pip:
  - bleach==1.5.0
  - dask==0.19.2
  - html5lib==0.9999999
  - idna-ssl==1.1.0
  - tensorflow-tensorboard==0.1.8
  - win-inet-pton==1.0.1
