name: ctc
channels:
  - defaults
dependencies:
  - aiohttp=3.4.2=py35h7b6447c_0
  - asn1crypto=0.24.0=py35_0
  - async-timeout=3.0.0=py35_0
  - attrs=18.2.0=py35h28b3542_0
  - backports=1.0=py35_1
  - backports.weakref=1.0rc1=py35_0
  - blas=1.0=mkl
  - bleach=1.5.0=py35_0
  - ca-certificates=2018.03.07=0
  - certifi=2018.8.24=py35_1
  - cffi=1.11.5=py35he75722e_1
  - chardet=3.0.4=py35_1
  - cloudpickle=0.5.5=py35_0
  - cryptography=2.3.1=py35hc365091_0
  - cycler=0.10.0=py35hc4d5149_0
  - dask-core=0.19.2=py35_0
  - dbus=1.13.2=h714fa37_1
  - decorator=4.3.0=py35_0
  - dill=0.2.8.2=py35_0
  - expat=2.2.6=he6710b0_0
  - fontconfig=2.13.0=h9420a91_0
  - freetype=2.9.1=h8a8886c_1
  - glib=2.56.2=hd408876_0
  - gst-plugins-base=1.14.0=hbbd80ab_1
  - gstreamer=1.14.0=hb453b48_1
  - h5py=2.8.0=py35h989c5e5_3
  - hdf5=1.10.2=hba1933b_1
  - html5lib=0.9999999=py35_0
  - icu=58.2=h9c2bf20_1
  - idna=2.7=py35_0
  - idna_ssl=1.1.0=py35_0
  - imageio=2.4.1=py35_0
  - intel-openmp=2019.0=118
  - jpeg=9b=h024ee3a_2
  - keras=2.0.8=py35h4bddecc_0
  - kiwisolver=1.0.1=py35hf484d3e_0
  - libedit=3.1.20170329=h6b74fdf_2
  - libffi=3.2.1=hd88cf55_4
  - libgcc-ng=8.2.0=hdf63c60_1
  - libgfortran=3.0.0=1
  - libgfortran-ng=7.3.0=hdf63c60_0
  - libpng=1.6.34=hb9fc6fc_0
  - libprotobuf=3.6.0=hdbcaa40_0
  - libstdcxx-ng=8.2.0=hdf63c60_1
  - libtiff=4.0.9=he85c1e1_2
  - libuuid=1.0.3=h1bed415_2
  - libxcb=1.13=h1bed415_1
  - libxml2=2.9.8=h26e45fe_1
  - markdown=2.6.11=py35_0
  - matplotlib=3.0.0=py35h5429711_0
  - mkl=2017.0.4=h4c4d0af_0
  - multidict=4.4.0=py35h7b6447c_0
  - ncurses=6.1=hf484d3e_0
  - networkx=2.1=py35_0
  - numpy=1.13.3=py35ha266831_3
  - olefile=0.46=py35_0
  - openssl=1.0.2p=h14c3975_0
  - pandas=0.23.4=py35h04863e7_0
  - pcre=8.42=h439df22_0
  - pillow=5.2.0=py35heded4f4_0
  - pip=10.0.1=py35_0
  - protobuf=3.6.0=py35hf484d3e_0
  - pycparser=2.18=py35_1
  - pyopenssl=18.0.0=py35_0
  - pyparsing=2.2.0=py35_1
  - pyqt=5.9.2=py35h05f1152_2
  - pysocks=1.6.8=py35_0
  - python=3.5.6=hc3d631a_0
  - python-dateutil=2.7.3=py35_0
  - pytz=2018.5=py35_0
  - pywavelets=1.0.0=py35hdd07704_0
  - pyyaml=3.13=py35h14c3975_0
  - qt=5.9.6=h8703b6f_2
  - readline=7.0=h7b6447c_5
  - requests=2.19.1=py35_0
  - scikit-image=0.14.0=py35hf484d3e_1
  - scikit-learn=0.18.1=np113py35_1
  - scipy=0.19.1=np113py35_0
  - setuptools=40.2.0=py35_0
  - sip=4.19.8=py35hf484d3e_0
  - six=1.11.0=py35_1
  - sqlite=3.25.2=h7b6447c_0
  - tensorflow=1.3.0=0
  - tensorflow-base=1.3.0=py35h79a3156_1
  - tensorflow-tensorboard=1.5.1=py35hf484d3e_1
  - tk=8.6.8=hbc83047_0
  - toolz=0.9.0=py35_0
  - tornado=5.1=py35h14c3975_0
  - urllib3=1.23=py35_0
  - werkzeug=0.14.1=py35_0
  - wheel=0.31.1=py35_0
  - xz=5.2.4=h14c3975_4
  - yaml=0.1.7=had09818_2
  - yarl=1.2.6=py35h14c3975_0
  - zlib=1.2.11=ha838bed_2
  - pip:
    - dask==0.19.2
    - future==0.16.0
    - panoptes-client==1.0.3
    - python-magic==0.4.15
